Hello World!!!
11111111111111
11111111111111
11111111111111
11111111111111
11111111111111
11111111111111
11111111111111
11111111111111
11111111111111
11111111111111
11111111111111
11111111111111
11111111111111
11111111111111
11111111111111
11111111111111
11111111111111
11111111111111
11111111111111
11111111111111
11111111111111
11111111111111
11111111111111
11111111111111
11111111111111
11111111111111
11111111111111
11111111111111
11111111111111
11111111111111
11111111111111
11111111111111
11111111111111
11111111111111
11111111111111
11111111111111
11111111111111
11111111111111
11111111111111
11111111111111
11111111111111
11111111111111
11111111111111
11111111111111
11111111111111
11111111111111
end of file!